1 0.0833333333333 0.0 0.0 
2 0.0833333333333 5.6 0.0 
3 0.0833333333333 5.6 5.84615384615 
4 1.11923076923 5.6 5.84615384615 
5 1.11923076923 2.07564102564 5.84615384615 
6 1.11923076923 2.07564102564 2.81153846154 
7 0.735897435897 2.07564102564 2.81153846154 
8 0.735897435897 3.68923076923 2.81153846154 
9 0.735897435897 3.68923076923 4.47021696252 
10 1.02361604208 3.68923076923 4.47021696252 
11 1.02361604208 2.77069033531 4.47021696252 
12 1.02361604208 2.77069033531 3.68982248521 
13 0.92808678501 2.77069033531 3.68982248521 
14 0.92808678501 3.18138330046 3.68982248521 
15 0.92808678501 3.18138330046 4.11802457897 
16 1.00383108279 3.18138330046 4.11802457897 
17 1.00383108279 2.94356789562 4.11802457897 
18 1.00383108279 2.94356789562 3.91892742629 
19 0.98032778705 2.94356789562 3.91892742629 
20 0.98032778705 3.04787732767 3.91892742629 
21 0.98032778705 3.04787732767 4.02950242172 
22 1.0003233438 3.04787732767 4.02950242172 
23 1.0003233438 2.98623298956 4.02950242172 
24 1.0003233438 2.98623298956 3.97875964194 
25 0.994591603417 2.98623298956 3.97875964194 
26 0.994591603417 3.01267954608 3.97875964194 
27 0.994591603417 3.01267954608 4.00733838782 
28 0.999887775073 3.01267954608 4.00733838782 
29 0.999887775073 2.99667864662 4.00733838782 
30 0.999887775073 2.99667864662 3.99442064363 
31 0.998505606524 2.99667864662 3.99442064363 
32 0.998505606524 3.00337005881 3.99442064363 
33 0.998505606524 3.00337005881 4.00181431911 
34 0.999913451594 3.00337005881 4.00181431911 
35 0.999913451594 2.99921028723 4.00181431911 
36 0.999913451594 2.99921028723 3.99853021298 
37 0.999585016935 2.99921028723 3.99853021298 
38 0.999585016935 3.00089918189 3.99853021298 
39 0.999585016935 3.00089918189 4.00044520266 
40 0.999960705636 3.00089918189 4.00044520266 
41 0.999960705636 2.99981587502 4.00044520266 
42 0.999960705636 2.99981587502 3.99961159046 
43 0.999884193937 2.99981587502 3.99961159046 
44 0.999884193937 3.0002409046 3.99961159046 
45 0.999884193937 3.0002409046 4.00010821215 
46 0.999984862247 3.0002409046 4.00010821215 
47 0.999984862247 2.99995823392 4.00010821215 
48 0.999984862247 2.99995823392 3.99989700662 
49 0.99996752761 2.99995823392 3.99989700662 
50 0.99996752761 3.00006482358 3.99989700662 
51 0.99996752761 3.00006482358 4.00002598275 
52 0.999994620252 3.00006482358 4.00002598275 
53 0.999994620252 2.99999090483 4.00002598275 
54 0.999994620252 2.99999090483 3.99997258862 
55 0.999990852387 2.99999090483 3.99997258862 
56 0.999990852387 3.00001752278 3.99997258862 
57 0.999990852387 3.00001752278 4.00000613888 
58 0.999998177174 3.00001752278 4.00000613888 
59 0.999998177174 2.99999814619 4.00000613888 
60 0.999998177174 2.99999814619 3.99999267565 
61 0.999997411638 2.99999814619 3.99999267565 
62 0.999997411638 3.00000475918 3.99999267565 
63 0.999997411638 3.00000475918 4.00000141886 
64 0.999999401396 3.00000475918 4.00000141886 
65 0.999999401396 2.99999966636 4.00000141886 
66 0.999999401396 2.99999966636 3.99999803468 
67 0.999999264527 2.99999966636 3.99999803468 
68 0.999999264527 3.00000129891 3.99999803468 
69 0.999999264527 3.00000129891 4.00000031779 
70 0.999999807685 3.00000129891 4.00000031779 
71 0.999999807685 2.99999995642 4.00000031779 
72 0.999999807685 2.99999995642 3.99999947031 
73 0.999999790191 2.99999995642 3.99999947031 
74 0.999999790191 3.00000035628 3.99999947031 
75 0.999999790191 3.00000035628 4.00000006785 
76 0.9999999392 3.00000035628 4.00000006785 
77 0.9999999392 3.00000000125 4.00000006785 
78 0.9999999392 3.00000000125 3.99999985658 
79 0.999999939927 3.00000000125 3.99999985658 
80 0.999999939927 3.00000009821 3.99999985658 
81 0.999999939927 3.00000009821 4.00000001336 
82 0.999999981011 3.00000009821 4.00000001336 
83 0.999999981011 3.000000004 4.00000001336 
84 0.999999981011 3.000000004 3.99999996098 
85 0.999999982741 3.000000004 3.99999996098 
86 0.999999982741 3.00000002721 3.99999996098 
87 0.999999982741 3.00000002721 4.00000000223 
88 0.999999994125 3.00000002721 4.00000000223 
89 0.999999994125 3.00000000212 4.00000000223 
90 0.999999994125 3.00000000212 3.99999998933 
91 0.999999995026 3.00000000212 3.99999998933 
92 0.999999995026 3.00000000758 3.99999998933 
93 0.999999995026 3.00000000758 4.00000000022 
94 0.999999998196 3.00000000758 4.00000000022 
95 0.999999998196 3.00000000086 4.00000000022 
96 0.999999998196 3.00000000086 3.99999999707 
97 0.999999998562 3.00000000086 3.99999999707 
98 0.999999998562 3.00000000212 3.99999999707 
99 0.999999998562 3.00000000212 3.99999999995 
100 0.999999999449 3.00000000212 3.99999999995 
101 0.999999999449 3.00000000032 3.99999999995 
102 0.999999999449 3.00000000032 3.99999999919 
103 0.999999999583 3.00000000032 3.99999999919 
104 0.999999999583 3.0000000006 3.99999999919 
105 0.999999999583 3.0000000006 3.99999999996 
106 0.999999999833 3.0000000006 3.99999999996 
107 0.999999999833 3.00000000011 3.99999999996 
108 0.999999999833 3.00000000011 3.99999999978 
109 0.999999999879 3.00000000011 3.99999999978 
110 0.999999999879 3.00000000017 3.99999999978 
111 0.999999999879 3.00000000017 3.99999999998 
