0.00000   3.00000   7.00000   7.00000   11.00000    
0.10000   3.00000   7.00000   7.00000   11.00000    
0.20000   3.00000   7.00000   7.00000   11.00000    
0.30000   3.00000   7.00000   7.00000   11.00000    
0.40000   3.00000   7.00000   7.00000   11.00000    
0.50000   3.00000   7.00000   7.00000   11.00000    
0.60000   3.00000   7.00000   7.00000   11.00000    
0.70000   3.00000   7.00000   7.00000   11.00000    
0.80000   3.00000   7.00000   7.00000   11.00000    
0.90000   3.00000   7.00000   7.00000   11.00000    
1.00000   3.00000   7.00000   7.00000   11.00000    
